33 0.00488281 0.0214844 0.00488281 0.00488281 0.00732422 0.00488281 0.00732422 0.0214844
34 0.0268555 0.0107422 0.0268555 0.00488281 0.0327148 0.00488281 0.0327148 0.0107422
35 0.0522461 0.0214844 0.0522461 0.00488281 0.0629883 0.00488281 0.0629883 0.0214844
36 0.0825195 0.0244141 0.0825195 0.00488281 0.0917969 0.00488281 0.0917969 0.0244141
37 0.111328 0.0214844 0.111328 0.00488281 0.126465 0.00488281 0.126465 0.0214844
38 0.145996 0.0214844 0.145996 0.00488281 0.158203 0.00488281 0.158203 0.0214844
39 0.177734 0.0107422 0.177734 0.00488281 0.180176 0.00488281 0.180176 0.0107422
40 0.199707 0.0263672 0.199707 0.00488281 0.20459 0.00488281 0.20459 0.0263672
41 0.224121 0.0263672 0.224121 0.00488281 0.229004 0.00488281 0.229004 0.0263672
42 0.248535 0.0117188 0.248535 0.00488281 0.254883 0.00488281 0.254883 0.0117188
43 0.274414 0.0146484 0.274414 0.00488281 0.283691 0.00488281 0.283691 0.0146484
44 0.303223 0.0107422 0.303223 0.00488281 0.305664 0.00488281 0.305664 0.0107422
45 0.325195 0.00683594 0.325195 0.00488281 0.330566 0.00488281 0.330566 0.00683594
46 0.350098 0.00732422 0.350098 0.00488281 0.352539 0.00488281 0.352539 0.00732422
47 0.37207 0.0214844 0.37207 0.00488281 0.377441 0.00488281 0.377441 0.0214844
48 0.396973 0.0214844 0.396973 0.00488281 0.40625 0.00488281 0.40625 0.0214844
49 0.425781 0.0214844 0.425781 0.00488281 0.431152 0.00488281 0.431152 0.0214844
50 0.450684 0.0214844 0.450684 0.00488281 0.459961 0.00488281 0.459961 0.0214844
51 0.479492 0.0214844 0.479492 0.00488281 0.489258 0.00488281 0.489258 0.0214844
52 0.508789 0.0214844 0.508789 0.00488281 0.518555 0.00488281 0.518555 0.0214844
53 0.538086 0.0214844 0.538086 0.00488281 0.547852 0.00488281 0.547852 0.0214844
54 0.567383 0.0214844 0.567383 0.00488281 0.577148 0.00488281 0.577148 0.0214844
55 0.59668 0.0214844 0.59668 0.00488281 0.606445 0.00488281 0.606445 0.0214844
56 0.625977 0.0214844 0.625977 0.00488281 0.635742 0.00488281 0.635742 0.0214844
57 0.655273 0.0214844 0.655273 0.00488281 0.665039 0.00488281 0.665039 0.0214844
58 0.68457 0.0170898 0.68457 0.00488281 0.687012 0.00488281 0.687012 0.0170898
59 0.706543 0.0205078 0.706543 0.00488281 0.708984 0.00488281 0.708984 0.0205078
60 0.728516 0.0161133 0.728516 0.00488281 0.737793 0.00488281 0.737793 0.0161133
61 0.757324 0.012207 0.757324 0.00488281 0.766602 0.00488281 0.766602 0.012207
62 0.786133 0.0161133 0.786133 0.00488281 0.79541 0.00488281 0.79541 0.0161133
63 0.814941 0.0214844 0.814941 0.00488281 0.824219 0.00488281 0.824219 0.0214844
64 0.84375 0.0263672 0.84375 0.00488281 0.861816 0.00488281 0.861816 0.0263672
65 0.881348 0.0214844 0.881348 0.00488281 0.89502 0.00488281 0.89502 0.0214844
66 0.914551 0.0214844 0.914551 0.00488281 0.925781 0.00488281 0.925781 0.0214844
67 0.945312 0.0214844 0.945312 0.00488281 0.958008 0.00488281 0.958008 0.0214844
68 0.977539 0.0214844 0.977539 0.00488281 0.989746 0.00488281 0.989746 0.0214844
69 0.00488281 0.0576172 0.00488281 0.0410156 0.015625 0.0410156 0.015625 0.0576172
70 0.0351562 0.0576172 0.0351562 0.0410156 0.0449219 0.0410156 0.0449219 0.0576172
71 0.0644531 0.0576172 0.0644531 0.0410156 0.0776367 0.0410156 0.0776367 0.0576172
72 0.097168 0.0576172 0.097168 0.0410156 0.108398 0.0410156 0.108398 0.0576172
73 0.12793 0.0576172 0.12793 0.0410156 0.130371 0.0410156 0.130371 0.0576172
74 0.149902 0.0576172 0.149902 0.0410156 0.157715 0.0410156 0.157715 0.0576172
75 0.177246 0.0576172 0.177246 0.0410156 0.189453 0.0410156 0.189453 0.0576172
76 0.208984 0.0576172 0.208984 0.0410156 0.218262 0.0410156 0.218262 0.0576172
77 0.237793 0.0576172 0.237793 0.0410156 0.251465 0.0410156 0.251465 0.0576172
78 0.270996 0.0576172 0.270996 0.0410156 0.282715 0.0410156 0.282715 0.0576172
79 0.302246 0.0576172 0.302246 0.0410156 0.31543 0.0410156 0.31543 0.0576172
80 0.334961 0.0576172 0.334961 0.0410156 0.345703 0.0410156 0.345703 0.0576172
81 0.365234 0.059082 0.365234 0.0410156 0.379395 0.0410156 0.379395 0.059082
82 0.398926 0.0576172 0.398926 0.0410156 0.411133 0.0410156 0.411133 0.0576172
83 0.430664 0.0576172 0.430664 0.0410156 0.442383 0.0410156 0.442383 0.0576172
84 0.461914 0.0576172 0.461914 0.0410156 0.473633 0.0410156 0.473633 0.0576172
85 0.493164 0.0576172 0.493164 0.0410156 0.504395 0.0410156 0.504395 0.0576172
86 0.523926 0.0576172 0.523926 0.0410156 0.536621 0.0410156 0.536621 0.0576172
87 0.556152 0.0576172 0.556152 0.0410156 0.574219 0.0410156 0.574219 0.0576172
88 0.59375 0.0576172 0.59375 0.0410156 0.606934 0.0410156 0.606934 0.0576172
89 0.626465 0.0576172 0.626465 0.0410156 0.63916 0.0410156 0.63916 0.0576172
90 0.658691 0.0576172 0.658691 0.0410156 0.67041 0.0410156 0.67041 0.0576172
91 0.689941 0.0625 0.689941 0.0410156 0.694336 0.0410156 0.694336 0.0625
92 0.713867 0.0576172 0.713867 0.0410156 0.719238 0.0410156 0.719238 0.0576172
93 0.73877 0.0625 0.73877 0.0410156 0.743164 0.0410156 0.743164 0.0625
94 0.762695 0.050293 0.762695 0.0410156 0.770996 0.0410156 0.770996 0.050293
95 0.790527 0.0424805 0.790527 0.0410156 0.802246 0.0410156 0.802246 0.0424805
96 0.821777 0.0444336 0.821777 0.0410156 0.825684 0.0410156 0.825684 0.0444336
97 0.845215 0.0532227 0.845215 0.0410156 0.85498 0.0410156 0.85498 0.0532227
98 0.874512 0.0576172 0.874512 0.0410156 0.883789 0.0410156 0.883789 0.0576172
99 0.90332 0.0532227 0.90332 0.0410156 0.912598 0.0410156 0.912598 0.0532227
100 0.932129 0.0576172 0.932129 0.0410156 0.941406 0.0410156 0.941406 0.0576172
101 0.960938 0.0532227 0.960938 0.0410156 0.970703 0.0410156 0.970703 0.0532227
102 0.00488281 0.0893555 0.00488281 0.0727539 0.0112305 0.0727539 0.0112305 0.0893555
103 0.0307617 0.0898438 0.0307617 0.0727539 0.0400391 0.0727539 0.0400391 0.0898438
104 0.0595703 0.0893555 0.0595703 0.0727539 0.0683594 0.0727539 0.0683594 0.0893555
105 0.0878906 0.0893555 0.0878906 0.0727539 0.0898438 0.0727539 0.0898438 0.0893555
106 0.109375 0.0942383 0.109375 0.0727539 0.113281 0.0727539 0.113281 0.0942383
107 0.132812 0.0893555 0.132812 0.0727539 0.141602 0.0727539 0.141602 0.0893555
108 0.161133 0.0893555 0.161133 0.0727539 0.163086 0.0727539 0.163086 0.0893555
109 0.182617 0.0849609 0.182617 0.0727539 0.196777 0.0727539 0.196777 0.0849609
110 0.216309 0.0849609 0.216309 0.0727539 0.225098 0.0727539 0.225098 0.0849609
111 0.244629 0.0849609 0.244629 0.0727539 0.254395 0.0727539 0.254395 0.0849609
112 0.273926 0.0898438 0.273926 0.0727539 0.283203 0.0727539 0.283203 0.0898438
113 0.302734 0.0898438 0.302734 0.0727539 0.311523 0.0727539 0.311523 0.0898438
114 0.331055 0.0849609 0.331055 0.0727539 0.336914 0.0727539 0.336914 0.0849609
115 0.356445 0.0849609 0.356445 0.0727539 0.365234 0.0727539 0.365234 0.0849609
116 0.384766 0.0893555 0.384766 0.0727539 0.390137 0.0727539 0.390137 0.0893555
117 0.409668 0.0849609 0.409668 0.0727539 0.418457 0.0727539 0.418457 0.0849609
118 0.437988 0.0849609 0.437988 0.0727539 0.447754 0.0727539 0.447754 0.0849609
119 0.467285 0.0849609 0.467285 0.0727539 0.481445 0.0727539 0.481445 0.0849609
120 0.500977 0.0849609 0.500977 0.0727539 0.510742 0.0727539 0.510742 0.0849609
121 0.530273 0.0898438 0.530273 0.0727539 0.540039 0.0727539 0.540039 0.0898438
122 0.55957 0.0849609 0.55957 0.0727539 0.568848 0.0727539 0.568848 0.0849609
123 0.588379 0.0942383 0.588379 0.0727539 0.594238 0.0727539 0.594238 0.0942383
124 0.61377 0.0947266 0.61377 0.0727539 0.615723 0.0727539 0.615723 0.0947266
125 0.635254 0.0942383 0.635254 0.0727539 0.641113 0.0727539 0.641113 0.0942383
126 0.660645 0.0766602 0.660645 0.0727539 0.670898 0.0727539 0.670898 0.0766602
161 0.69043 0.0893555 0.69043 0.0727539 0.692871 0.0727539 0.692871 0.0893555
162 0.712402 0.0942383 0.712402 0.0727539 0.721191 0.0727539 0.721191 0.0942383
163 0.740723 0.0893555 0.740723 0.0727539 0.750977 0.0727539 0.750977 0.0893555
164 0.770508 0.0834961 0.770508 0.0727539 0.780273 0.0727539 0.780273 0.0834961
165 0.799805 0.0893555 0.799805 0.0727539 0.811035 0.0727539 0.811035 0.0893555
166 0.830566 0.0952148 0.830566 0.0727539 0.83252 0.0727539 0.83252 0.0952148
167 0.852051 0.0942383 0.852051 0.0727539 0.861816 0.0727539 0.861816 0.0942383
168 0.881348 0.0751953 0.881348 0.0727539 0.886719 0.0727539 0.886719 0.0751953
169 0.90625 0.0893555 0.90625 0.0727539 0.920898 0.0727539 0.920898 0.0893555
170 0.94043 0.0810547 0.94043 0.0727539 0.947266 0.0727539 0.947266 0.0810547
171 0.966797 0.0830078 0.966797 0.0727539 0.975098 0.0727539 0.975098 0.0830078
172 0.00488281 0.109375 0.00488281 0.102539 0.0141602 0.102539 0.0141602 0.109375
173 0.0336914 0.104492 0.0336914 0.102539 0.0390625 0.102539 0.0390625 0.104492
174 0.0585938 0.119141 0.0585938 0.102539 0.0732422 0.102539 0.0732422 0.119141
175 0.0927734 0.103516 0.0927734 0.102539 0.105469 0.102539 0.105469 0.103516
176 0.125 0.108887 0.125 0.102539 0.131836 0.102539 0.131836 0.108887
177 0.151367 0.115234 0.151367 0.102539 0.163086 0.102539 0.163086 0.115234
178 0.182617 0.11084 0.182617 0.102539 0.188965 0.102539 0.188965 0.11084
179 0.208496 0.11084 0.208496 0.102539 0.214844 0.102539 0.214844 0.11084
180 0.234375 0.105957 0.234375 0.102539 0.238281 0.102539 0.238281 0.105957
181 0.257812 0.119629 0.257812 0.102539 0.268066 0.102539 0.268066 0.119629
182 0.287598 0.124023 0.287598 0.102539 0.29834 0.102539 0.29834 0.124023
183 0.317871 0.10498 0.317871 0.102539 0.320312 0.102539 0.320312 0.10498
184 0.339844 0.106934 0.339844 0.102539 0.344238 0.102539 0.344238 0.106934
185 0.36377 0.11084 0.36377 0.102539 0.367676 0.102539 0.367676 0.11084
186 0.387207 0.11084 0.387207 0.102539 0.394043 0.102539 0.394043 0.11084
187 0.413574 0.112793 0.413574 0.102539 0.422363 0.102539 0.422363 0.112793
188 0.441895 0.119629 0.441895 0.102539 0.457031 0.102539 0.457031 0.119629
189 0.476562 0.119629 0.476562 0.102539 0.491699 0.102539 0.491699 0.119629
190 0.51123 0.119629 0.51123 0.102539 0.527344 0.102539 0.527344 0.119629
191 0.546875 0.119629 0.546875 0.102539 0.556152 0.102539 0.556152 0.119629
192 0.575684 0.123535 0.575684 0.102539 0.589355 0.102539 0.589355 0.123535
193 0.608887 0.123535 0.608887 0.102539 0.622559 0.102539 0.622559 0.123535
194 0.64209 0.123535 0.64209 0.102539 0.655762 0.102539 0.655762 0.123535
195 0.675293 0.122559 0.675293 0.102539 0.688965 0.102539 0.688965 0.122559
196 0.708496 0.122559 0.708496 0.102539 0.722168 0.102539 0.722168 0.122559
197 0.741699 0.124512 0.741699 0.102539 0.755371 0.102539 0.755371 0.124512
198 0.774902 0.119141 0.774902 0.102539 0.793457 0.102539 0.793457 0.119141
199 0.812988 0.123047 0.812988 0.102539 0.825684 0.102539 0.825684 0.123047
200 0.845215 0.123535 0.845215 0.102539 0.855957 0.102539 0.855957 0.123535
201 0.875488 0.123535 0.875488 0.102539 0.88623 0.102539 0.88623 0.123535
202 0.905762 0.123535 0.905762 0.102539 0.916504 0.102539 0.916504 0.123535
203 0.936035 0.122559 0.936035 0.102539 0.946777 0.102539 0.946777 0.122559
204 0.966309 0.123535 0.966309 0.102539 0.970215 0.102539 0.970215 0.123535
205 0.00488281 0.164062 0.00488281 0.143066 0.00878906 0.143066 0.00878906 0.164062
206 0.0283203 0.164062 0.0283203 0.143066 0.034668 0.143066 0.034668 0.164062
207 0.0541992 0.163086 0.0541992 0.143066 0.0600586 0.143066 0.0600586 0.163086
208 0.0795898 0.159668 0.0795898 0.143066 0.0932617 0.143066 0.0932617 0.159668
209 0.112793 0.163086 0.112793 0.143066 0.124512 0.143066 0.124512 0.163086
210 0.144043 0.164062 0.144043 0.143066 0.157227 0.143066 0.157227 0.164062
211 0.176758 0.164062 0.176758 0.143066 0.189941 0.143066 0.189941 0.164062
212 0.209473 0.164062 0.209473 0.143066 0.222656 0.143066 0.222656 0.164062
213 0.242188 0.163086 0.242188 0.143066 0.255371 0.143066 0.255371 0.163086
214 0.274902 0.163086 0.274902 0.143066 0.288086 0.143066 0.288086 0.163086
215 0.307617 0.152832 0.307617 0.143066 0.315918 0.143066 0.315918 0.152832
216 0.335449 0.160156 0.335449 0.143066 0.349609 0.143066 0.349609 0.160156
217 0.369141 0.164062 0.369141 0.143066 0.380371 0.143066 0.380371 0.164062
218 0.399902 0.164062 0.399902 0.143066 0.411133 0.143066 0.411133 0.164062
219 0.430664 0.164062 0.430664 0.143066 0.441895 0.143066 0.441895 0.164062
220 0.461426 0.163086 0.461426 0.143066 0.472656 0.143066 0.472656 0.163086
221 0.492188 0.164062 0.492188 0.143066 0.504883 0.143066 0.504883 0.164062
222 0.524414 0.159668 0.524414 0.143066 0.535156 0.143066 0.535156 0.159668
223 0.554688 0.159668 0.554688 0.143066 0.564453 0.143066 0.564453 0.159668
224 0.583984 0.160156 0.583984 0.143066 0.59375 0.143066 0.59375 0.160156
225 0.613281 0.160156 0.613281 0.143066 0.623047 0.143066 0.623047 0.160156
226 0.642578 0.160156 0.642578 0.143066 0.652344 0.143066 0.652344 0.160156
227 0.671875 0.15918 0.671875 0.143066 0.681641 0.143066 0.681641 0.15918
228 0.701172 0.15918 0.701172 0.143066 0.710938 0.143066 0.710938 0.15918
229 0.730469 0.161133 0.730469 0.143066 0.740234 0.143066 0.740234 0.161133
230 0.759766 0.155273 0.759766 0.143066 0.775879 0.143066 0.775879 0.155273
231 0.79541 0.15918 0.79541 0.143066 0.804688 0.143066 0.804688 0.15918
232 0.824219 0.160156 0.824219 0.143066 0.833984 0.143066 0.833984 0.160156
233 0.853516 0.160156 0.853516 0.143066 0.863281 0.143066 0.863281 0.160156
234 0.882812 0.160156 0.882812 0.143066 0.892578 0.143066 0.892578 0.160156
235 0.912109 0.15918 0.912109 0.143066 0.921875 0.143066 0.921875 0.15918
236 0.941406 0.160156 0.941406 0.143066 0.945312 0.143066 0.945312 0.160156
237 0.964844 0.160156 0.964844 0.143066 0.96875 0.143066 0.96875 0.160156
238 0.00488281 0.196777 0.00488281 0.179688 0.0112305 0.179688 0.0112305 0.196777
239 0.0307617 0.195801 0.0307617 0.179688 0.0361328 0.179688 0.0361328 0.195801
240 0.0556641 0.196289 0.0556641 0.179688 0.0654297 0.179688 0.0654297 0.196289
241 0.0849609 0.195801 0.0849609 0.179688 0.09375 0.179688 0.09375 0.195801
242 0.113281 0.196777 0.113281 0.179688 0.123047 0.179688 0.123047 0.196777
243 0.142578 0.196777 0.142578 0.179688 0.152344 0.179688 0.152344 0.196777
244 0.171875 0.196777 0.171875 0.179688 0.181641 0.179688 0.181641 0.196777
245 0.201172 0.195801 0.201172 0.179688 0.210938 0.179688 0.210938 0.195801
246 0.230469 0.195801 0.230469 0.179688 0.240234 0.179688 0.240234 0.195801
247 0.259766 0.189453 0.259766 0.179688 0.271484 0.179688 0.271484 0.189453
248 0.291016 0.193848 0.291016 0.179688 0.300781 0.179688 0.300781 0.193848
249 0.320312 0.196777 0.320312 0.179688 0.329102 0.179688 0.329102 0.196777
250 0.348633 0.196777 0.348633 0.179688 0.357422 0.179688 0.357422 0.196777
251 0.376953 0.196777 0.376953 0.179688 0.385742 0.179688 0.385742 0.196777
252 0.405273 0.195801 0.405273 0.179688 0.414062 0.179688 0.414062 0.195801
253 0.433594 0.20166 0.433594 0.179688 0.443359 0.179688 0.443359 0.20166
254 0.462891 0.201172 0.462891 0.179688 0.472168 0.179688 0.472168 0.201172
255 0.491699 0.200684 0.491699 0.179688 0.501465 0.179688 0.501465 0.200684
256 0.520996 0.19873 0.520996 0.179688 0.534668 0.179688 0.534668 0.19873
257 0.554199 0.194824 0.554199 0.179688 0.563965 0.179688 0.563965 0.194824
258 0.583496 0.200195 0.583496 0.179688 0.597168 0.179688 0.597168 0.200195
259 0.616699 0.196289 0.616699 0.179688 0.626465 0.179688 0.626465 0.196289
260 0.645996 0.20166 0.645996 0.179688 0.661621 0.179688 0.661621 0.20166
261 0.681152 0.197266 0.681152 0.179688 0.692871 0.179688 0.692871 0.197266
262 0.712402 0.200684 0.712402 0.179688 0.725098 0.179688 0.725098 0.200684
263 0.744629 0.196777 0.744629 0.179688 0.753906 0.179688 0.753906 0.196777
264 0.773438 0.200684 0.773438 0.179688 0.786133 0.179688 0.786133 0.200684
265 0.805664 0.196777 0.805664 0.179688 0.814941 0.179688 0.814941 0.196777
266 0.834473 0.199707 0.834473 0.179688 0.847168 0.179688 0.847168 0.199707
267 0.866699 0.195801 0.866699 0.179688 0.875977 0.179688 0.875977 0.195801
268 0.895508 0.200684 0.895508 0.179688 0.908203 0.179688 0.908203 0.200684
269 0.927734 0.196777 0.927734 0.179688 0.937012 0.179688 0.937012 0.196777
270 0.956543 0.200684 0.956543 0.179688 0.96875 0.179688 0.96875 0.200684
271 0.00488281 0.236816 0.00488281 0.220215 0.0166016 0.220215 0.0166016 0.236816
272 0.0361328 0.236816 0.0361328 0.220215 0.0498047 0.220215 0.0498047 0.236816
273 0.0693359 0.236816 0.0693359 0.220215 0.0795898 0.220215 0.0795898 0.236816
274 0.0991211 0.239258 0.0991211 0.220215 0.109863 0.220215 0.109863 0.239258
275 0.129395 0.235352 0.129395 0.220215 0.13916 0.220215 0.13916 0.235352
276 0.158691 0.240723 0.158691 0.220215 0.169434 0.220215 0.169434 0.240723
277 0.188965 0.236816 0.188965 0.220215 0.19873 0.220215 0.19873 0.236816
278 0.218262 0.240234 0.218262 0.220215 0.229004 0.220215 0.229004 0.240234
279 0.248535 0.236328 0.248535 0.220215 0.258301 0.220215 0.258301 0.236328
280 0.277832 0.242188 0.277832 0.220215 0.288574 0.220215 0.288574 0.242188
281 0.308105 0.237793 0.308105 0.220215 0.317871 0.220215 0.317871 0.237793
282 0.337402 0.241211 0.337402 0.220215 0.348145 0.220215 0.348145 0.241211
283 0.367676 0.237305 0.367676 0.220215 0.377441 0.220215 0.377441 0.237305
284 0.396973 0.241211 0.396973 0.220215 0.410156 0.220215 0.410156 0.241211
285 0.429688 0.242188 0.429688 0.220215 0.438965 0.220215 0.438965 0.242188
286 0.458496 0.240723 0.458496 0.220215 0.47168 0.220215 0.47168 0.240723
287 0.491211 0.241699 0.491211 0.220215 0.500488 0.220215 0.500488 0.241699
288 0.52002 0.240234 0.52002 0.220215 0.533203 0.220215 0.533203 0.240234
289 0.552734 0.241211 0.552734 0.220215 0.562012 0.220215 0.562012 0.241211
290 0.581543 0.240723 0.581543 0.220215 0.594727 0.220215 0.594727 0.240723
291 0.614258 0.243164 0.614258 0.220215 0.623535 0.220215 0.623535 0.243164
292 0.643066 0.241211 0.643066 0.220215 0.654297 0.220215 0.654297 0.241211
293 0.673828 0.241211 0.673828 0.220215 0.682617 0.220215 0.682617 0.241211
294 0.702148 0.236816 0.702148 0.220215 0.71582 0.220215 0.71582 0.236816
295 0.735352 0.236816 0.735352 0.220215 0.746094 0.220215 0.746094 0.236816
296 0.765625 0.240234 0.765625 0.220215 0.772461 0.220215 0.772461 0.240234
297 0.791992 0.236328 0.791992 0.220215 0.79834 0.220215 0.79834 0.236328
298 0.817871 0.239258 0.817871 0.220215 0.824219 0.220215 0.824219 0.239258
299 0.84375 0.235352 0.84375 0.220215 0.850098 0.220215 0.850098 0.235352
300 0.869629 0.240723 0.869629 0.220215 0.875977 0.220215 0.875977 0.240723
301 0.895508 0.236816 0.895508 0.220215 0.901855 0.220215 0.901855 0.236816
302 0.921387 0.242188 0.921387 0.220215 0.92627 0.220215 0.92627 0.242188
303 0.945801 0.242188 0.945801 0.220215 0.950195 0.220215 0.950195 0.242188
304 0.969727 0.240234 0.969727 0.220215 0.972168 0.220215 0.972168 0.240234
305 0.00488281 0.271973 0.00488281 0.259766 0.00732422 0.259766 0.00732422 0.271973
306 0.0268555 0.276367 0.0268555 0.259766 0.0390625 0.259766 0.0390625 0.276367
307 0.0585938 0.28125 0.0585938 0.259766 0.0649414 0.259766 0.0649414 0.28125
308 0.0844727 0.280762 0.0844727 0.259766 0.0942383 0.259766 0.0942383 0.280762
309 0.11377 0.281738 0.11377 0.259766 0.120117 0.259766 0.120117 0.281738
310 0.139648 0.28125 0.139648 0.259766 0.151855 0.259766 0.151855 0.28125
311 0.171387 0.28125 0.171387 0.259766 0.180176 0.259766 0.180176 0.28125
312 0.199707 0.271973 0.199707 0.259766 0.208496 0.259766 0.208496 0.271973
313 0.228027 0.280762 0.228027 0.259766 0.237305 0.259766 0.237305 0.280762
314 0.256836 0.280762 0.256836 0.259766 0.260742 0.259766 0.260742 0.280762
315 0.280273 0.28125 0.280273 0.259766 0.289551 0.259766 0.289551 0.28125
316 0.309082 0.28125 0.309082 0.259766 0.313477 0.259766 0.313477 0.28125
317 0.333008 0.276367 0.333008 0.259766 0.342285 0.259766 0.342285 0.276367
318 0.361816 0.276367 0.361816 0.259766 0.366699 0.259766 0.366699 0.276367
319 0.38623 0.276367 0.38623 0.259766 0.395508 0.259766 0.395508 0.276367
320 0.415039 0.276367 0.415039 0.259766 0.419922 0.259766 0.419922 0.276367
321 0.439453 0.276367 0.439453 0.259766 0.450195 0.259766 0.450195 0.276367
322 0.469727 0.276367 0.469727 0.259766 0.474609 0.259766 0.474609 0.276367
323 0.494141 0.280762 0.494141 0.259766 0.505859 0.259766 0.505859 0.280762
324 0.525391 0.276855 0.525391 0.259766 0.53418 0.259766 0.53418 0.276855
325 0.553711 0.28125 0.553711 0.259766 0.56543 0.259766 0.56543 0.28125
326 0.584961 0.276855 0.584961 0.259766 0.59375 0.259766 0.59375 0.276855
327 0.613281 0.280762 0.613281 0.259766 0.625 0.259766 0.625 0.280762
328 0.644531 0.276855 0.644531 0.259766 0.65332 0.259766 0.65332 0.276855
329 0.672852 0.276367 0.672852 0.259766 0.68457 0.259766 0.68457 0.276367
330 0.704102 0.276367 0.704102 0.259766 0.71582 0.259766 0.71582 0.276367
331 0.735352 0.276855 0.735352 0.259766 0.744141 0.259766 0.744141 0.276855
332 0.763672 0.278809 0.763672 0.259766 0.776855 0.259766 0.776855 0.278809
333 0.796387 0.274902 0.796387 0.259766 0.806152 0.259766 0.806152 0.274902
334 0.825684 0.280273 0.825684 0.259766 0.838867 0.259766 0.838867 0.280273
335 0.858398 0.276367 0.858398 0.259766 0.868164 0.259766 0.868164 0.276367
336 0.887695 0.280762 0.887695 0.259766 0.900879 0.259766 0.900879 0.280762
337 0.92041 0.276855 0.92041 0.259766 0.930176 0.259766 0.930176 0.276855
338 0.949707 0.276367 0.949707 0.259766 0.967773 0.259766 0.967773 0.276367
339 0.00488281 0.308105 0.00488281 0.295898 0.0219727 0.295898 0.0219727 0.308105
340 0.0415039 0.316895 0.0415039 0.295898 0.0537109 0.295898 0.0537109 0.316895
341 0.0732422 0.312988 0.0732422 0.295898 0.0791016 0.295898 0.0791016 0.312988
342 0.0986328 0.317383 0.0986328 0.295898 0.11084 0.295898 0.11084 0.317383
343 0.130371 0.312988 0.130371 0.295898 0.13623 0.295898 0.13623 0.312988
344 0.155762 0.316895 0.155762 0.295898 0.167969 0.295898 0.167969 0.316895
345 0.1875 0.312988 0.1875 0.295898 0.193848 0.295898 0.193848 0.312988
346 0.213379 0.316895 0.213379 0.295898 0.225098 0.295898 0.225098 0.316895
347 0.244629 0.312988 0.244629 0.295898 0.253418 0.295898 0.253418 0.312988
348 0.272949 0.316895 0.272949 0.295898 0.284668 0.295898 0.284668 0.316895
349 0.304199 0.312988 0.304199 0.295898 0.312988 0.295898 0.312988 0.312988
350 0.33252 0.316406 0.33252 0.295898 0.344238 0.295898 0.344238 0.316406
351 0.36377 0.312012 0.36377 0.295898 0.372559 0.295898 0.372559 0.312012
352 0.39209 0.316895 0.39209 0.295898 0.403809 0.295898 0.403809 0.316895
353 0.42334 0.312988 0.42334 0.295898 0.432129 0.295898 0.432129 0.312988
354 0.45166 0.316406 0.45166 0.295898 0.463379 0.295898 0.463379 0.316406
355 0.48291 0.316406 0.48291 0.295898 0.48877 0.295898 0.48877 0.316406
356 0.508301 0.316895 0.508301 0.295898 0.52002 0.295898 0.52002 0.316895
357 0.539551 0.3125 0.539551 0.295898 0.546875 0.295898 0.546875 0.3125
358 0.566406 0.3125 0.566406 0.295898 0.578125 0.295898 0.578125 0.3125
359 0.597656 0.3125 0.597656 0.295898 0.604004 0.295898 0.604004 0.3125
360 0.623535 0.315918 0.623535 0.295898 0.634766 0.295898 0.634766 0.315918
361 0.654297 0.312012 0.654297 0.295898 0.663086 0.295898 0.663086 0.312012
362 0.682617 0.314941 0.682617 0.295898 0.693848 0.295898 0.693848 0.314941
363 0.713379 0.311035 0.713379 0.295898 0.722168 0.295898 0.722168 0.311035
364 0.741699 0.316406 0.741699 0.295898 0.75293 0.295898 0.75293 0.316406
365 0.772461 0.3125 0.772461 0.295898 0.78125 0.295898 0.78125 0.3125
366 0.800781 0.317871 0.800781 0.295898 0.812012 0.295898 0.812012 0.317871
367 0.831543 0.313965 0.831543 0.295898 0.840332 0.295898 0.840332 0.313965
368 0.859863 0.316895 0.859863 0.295898 0.871094 0.295898 0.871094 0.316895
369 0.890625 0.312988 0.890625 0.295898 0.899414 0.295898 0.899414 0.312988
370 0.918945 0.317871 0.918945 0.295898 0.930176 0.295898 0.930176 0.317871
371 0.949707 0.313477 0.949707 0.295898 0.960938 0.295898 0.960938 0.313477
372 0.980469 0.316895 0.980469 0.295898 0.998535 0.295898 0.998535 0.316895
373 0.00488281 0.353516 0.00488281 0.336426 0.019043 0.336426 0.019043 0.353516
374 0.0385742 0.357422 0.0385742 0.336426 0.0512695 0.336426 0.0512695 0.357422
375 0.0708008 0.358398 0.0708008 0.336426 0.0805664 0.336426 0.0805664 0.358398
376 0.100098 0.356445 0.100098 0.336426 0.112793 0.336426 0.112793 0.356445
377 0.132324 0.357422 0.132324 0.336426 0.144043 0.336426 0.144043 0.357422
378 0.163574 0.353516 0.163574 0.336426 0.172852 0.336426 0.172852 0.353516
379 0.192383 0.356445 0.192383 0.336426 0.204102 0.336426 0.204102 0.356445
380 0.223633 0.352539 0.223633 0.336426 0.23291 0.336426 0.23291 0.352539
381 0.252441 0.357422 0.252441 0.336426 0.26416 0.336426 0.26416 0.357422
382 0.283691 0.353516 0.283691 0.336426 0.292969 0.336426 0.292969 0.353516
